101 	15
102 	15
103 	15
104 	15
105 	15
106 	35
107 	25
108 	25
109 	15
110 	20
111 	20
112 	10
113 	20
114 	10
115 	20
116 	10
117 	5
118 	5
119 	1
120 	1
121 	2
122 	2
11	1
12	0.5
13	5
14	0
15	0
16	1
17	2
18	2
19	2
20	2
21	2
22	2
23	2
24	2
25	2
26	2
27	2
28	2
29	3
30	2
31	2
32	0.5
33	4
34	2
35	2
36	1
37	2
38	2
39	1
40	1.5
41	2
42	1
43	3
44	3
45	3
46	1
47	1
48	1
49	1
50	1
51	1
52	1
53	1
54	2
55	2
56	4
57	4
58	4
59	4
60	4
61	4
62	4
63	4
64	4
65	4